"Activity_name" "Subjects" "1_tBodyAcc-mean()-X" "6_tBodyAcc-std()-Z" "41_tGravityAcc-mean()-X" "46_tGravityAcc-std()-Z" "81_tBodyAccJerk-mean()-X" "86_tBodyAccJerk-std()-Z" "121_tBodyGyro-mean()-X" "126_tBodyGyro-std()-Z" "161_tBodyGyroJerk-mean()-X" "166_tBodyGyroJerk-std()-Z" "201_tBodyAccMag-mean()" "202_tBodyAccMag-std()" "253_tBodyGyroJerkMag-mean()" "254_tBodyGyroJerkMag-std()" "270_fBodyAcc-std()-Y" "345_fBodyAccJerk-mean()-X" "350_fBodyAccJerk-std()-Z" "373_fBodyAccJerk-meanFreq()-X" "425_fBodyGyro-mean()-Y" "453_fBodyGyro-meanFreq()-Y" "513_fBodyAccMag-meanFreq()" "529_fBodyBodyGyroMag-mean()" "530_fBodyBodyGyroMag-std()"
"LAYING" 1 0.22159824394 -0.826061401628 -0.24888179828 -0.85236629022 0.0810865342 -0.9548551108 -0.016553093978 -0.9082846626 -0.107270949192 -0.9577901596 -0.8419291525 -0.79514486386 -0.96346103 -0.9358409828 -0.8336255561 -0.9570738838 -0.9605869872 0.132419092398 -0.9521914948 -0.091529130882 0.08640856294 -0.8621901854 -0.82431943968
"LAYING" 2 0.281373403958333 -0.984233296875 -0.509754238125 -0.984230418125 0.0825972511666667 -0.988442014375 -0.01847660675 -0.960306560416667 -0.101974134208333 -0.98803582125 -0.977435485208333 -0.972873912916667 -0.991767074166667 -0.989718095208333 -0.981025105625 -0.985813630833333 -0.989345368541667 0.159808328563875 -0.983321635416667 0.04228066839375 0.2662982125 -0.972112972708333 -0.96109837875
"LAYING" 3 0.275516852741935 -0.96369103483871 -0.241758478064516 -0.964807543870968 0.0769811125806452 -0.982093162903226 -0.0208170540330645 -0.963505609032258 -0.10004449883871 -0.983338279516129 -0.972791346129032 -0.964218176451613 -0.98671362516129 -0.983139255645161 -0.964094604193548 -0.980513202258064 -0.983711904677419 0.17597855438871 -0.978099682258065 -0.0266820108903226 0.236990127870968 -0.96458672483871 -0.955441855806452
"LAYING" 4 0.263559214981481 -0.962667314814815 -0.420664662222222 -0.976176608888889 0.0934494217777778 -0.978511984259259 -0.00923156347222222 -0.962073755 -0.105019877685185 -0.983965359814815 -0.954557603148148 -0.931292216611111 -0.985068502037037 -0.982698213703704 -0.946380971111111 -0.978542457407407 -0.980261236296296 0.182436483157407 -0.972187839074074 -0.526889995562963 0.241697899814815 -0.961556660185185 -0.947100325185185
"LAYING" 5 0.278334325576923 -0.968562516346154 -0.483470597692308 -0.977076645 0.0848164824230769 -0.985419368461538 -0.0218935013501923 -0.960583776923077 -0.102114125 -0.989679592307692 -0.966777882884615 -0.958612786346154 -0.9864194225 -0.98377138 -0.972909186730769 -0.982689657115385 -0.986135599038461 0.239915157321154 -0.978249645769231 0.06812484775 0.292032094967308 -0.968257068846154 -0.959263063269231
"LAYING" 6 0.248656520140351 -0.925216100350877 -0.47670987877193 -0.928130738421053 0.0963481955263158 -0.959646055263158 -0.0079605026754386 -0.939141878596491 -0.111267284631579 -0.959579071578947 -0.918878850824561 -0.897326245964912 -0.955645738245614 -0.953157001578947 -0.929711219929825 -0.967072436842105 -0.963567540877193 0.0114731894070175 -0.941771544385965 0.0236567802333333 0.1446050868 -0.930153639473684 -0.928694890175439
"LAYING" 7 0.250176694038462 -0.952978365961539 -0.502814250576923 -0.961908984423077 0.0968904018076923 -0.972983064230769 -0.00282641913096154 -0.955294890576923 -0.105944243484615 -0.988871878269231 -0.936392023846154 -0.907039513153846 -0.983008829038462 -0.971205137884615 -0.922917902307692 -0.980393046923077 -0.975072995192308 0.0207159202961538 -0.957570207692308 -0.453725644769231 -0.129091025169231 -0.941130719230769 -0.918892518653846
"LAYING" 8 0.261254282907407 -0.932491454407407 -0.405930036111111 -0.94183626337037 0.0878326902592593 -0.96608757462963 0.00535361206851852 -0.96758975462963 -0.106445008314815 -0.987601203703704 -0.935308633888889 -0.91325033 -0.978438191296296 -0.969029111666667 -0.931236756962963 -0.973110596111111 -0.968699222962963 0.164984298959259 -0.957411160185185 -0.199880205519074 0.0484988463518519 -0.944528950555556 -0.93678697
"LAYING" 9 0.2591955368 -0.9407072854 -0.5802528348 -0.9712046902 0.08807344764 -0.958562455 -0.013632036148 -0.9615953704 -0.10384667982 -0.9770761602 -0.9308684376 -0.91512680016 -0.964524819 -0.9528015598 -0.9128367508 -0.964304065 -0.9597147176 -0.08503093738 -0.9345796594 -0.321206958058 -0.085609052452 -0.9186053356 -0.9034005814
"LAYING" 10 0.280230574137931 -0.95947148637931 -0.453069737586207 -0.963045642431035 0.073815064487931 -0.976256662586207 -0.019555937162069 -0.971940597413793 -0.100308254413793 -0.983949302758621 -0.956781819655172 -0.940301654482759 -0.970830848965517 -0.959632931551724 -0.946229148258621 -0.979014668793104 -0.978582339137931 0.0485572099491379 -0.954670034482759 0.0713125646482759 0.260388946262069 -0.937692642586207 -0.933701315344828
"LAYING" 11 0.280592970877193 -0.971311176842105 -0.134832031403509 -0.984192606315789 0.0766645337017544 -0.982111784210526 -0.0191743840136842 -0.959897432807018 -0.102297501877193 -0.986549063333333 -0.980621180175439 -0.972891829473684 -0.990641248245614 -0.984476476666667 -0.973589287368421 -0.984884874385965 -0.983302949122807 0.178104551486316 -0.982640271929825 0.104942477754386 0.336010660578947 -0.967093356491228 -0.954849053508772
"LAYING" 12 0.260113433 -0.9483338435 -0.3785920653 -0.9596439555 0.0854295393833333 -0.970629308166667 -0.0146546807316667 -0.950157442166667 -0.0990402297166667 -0.969953929666667 -0.9482046755 -0.936542686833333 -0.971067768833333 -0.962012018333333 -0.9506400405 -0.968742758833333 -0.972713844666667 0.083907082125 -0.95256172 -0.0199866541433333 0.0818083852738333 -0.9454970225 -0.940373827666667
"LAYING" 13 0.276716360483871 -0.950392995483871 -0.156852206467742 -0.959892863709677 0.0767774832096774 -0.983070657419355 -0.00973609968045161 -0.967350513709677 -0.101835573822581 -0.989801549193548 -0.960517768225806 -0.947944746612903 -0.98544626483871 -0.975113305645161 -0.947462328225806 -0.985199684354839 -0.983670049354839 0.169895805430645 -0.968689729193548 -0.042663103 0.0815111222612903 -0.957681621290323 -0.946133432096774
"LAYING" 14 0.233275439803922 -0.900331921686275 -0.145483631627451 -0.90130385627451 0.098140384845098 -0.972431855490196 0.00505221181607843 -0.952296965294118 -0.105446637019608 -0.979711372941176 -0.905978250196078 -0.856593119215686 -0.975621183137255 -0.964009921960784 -0.905221049156863 -0.972010709215686 -0.97491443 -0.158599091641176 -0.938087898235294 -0.277833948752941 -0.131771172645098 -0.930151731176471 -0.917760104901961
"LAYING" 15 0.2894756525 -0.929586835277778 -0.1719930545 -0.950710357083333 0.0767515438611111 -0.978402956527778 -0.0168300887791667 -0.956537051666667 -0.102266714236111 -0.980112732777778 -0.955340661527778 -0.943314107916667 -0.983235025416667 -0.973650041666667 -0.964590430138889 -0.981329999027778 -0.980745097361111 0.114787481842222 -0.964310893611111 -0.146020121881944 0.127358410820833 -0.946812642361111 -0.923682244861111
"LAYING" 16 0.274227162571429 -0.965490276285714 -0.206783742242857 -0.967886002 0.0783960268571429 -0.987644127 -0.0161545406857143 -0.984781484857143 -0.1022095722 -0.994465157714286 -0.961834634857143 -0.957895927714286 -0.990839526285714 -0.988212425428571 -0.937083636714286 -0.988580046285714 -0.988348904571429 0.06559671734 -0.976092920571429 -0.2155078006 -0.121302340485714 -0.970249638857143 -0.958975084
"LAYING" 17 0.269780085577465 -0.953476700140845 -0.19913309 -0.957164565211268 0.077908974656338 -0.98281300056338 -0.0234756467113239 -0.976200771267606 -0.102049763957746 -0.988221713380282 -0.953021411126761 -0.948257993521127 -0.985542411126761 -0.982038121126761 -0.942791615915493 -0.98147206915493 -0.983854158873239 0.188447976580282 -0.973669098591549 0.0154847631971831 -0.0494678208816901 -0.969014444788732 -0.96002383915493
"LAYING" 18 0.274691576923077 -0.987658662307692 -0.220600509076923 -0.990957249538462 0.0749985010769231 -0.990660246153846 -0.02517618068 -0.985108386307692 -0.0997154236307692 -0.992548101846154 -0.986456241538462 -0.986464542615385 -0.993095122615385 -0.992153054 -0.986746450769231 -0.986404709384615 -0.990744752923077 0.159761097664615 -0.985611171384615 -0.0556054116769231 0.339472649138462 -0.984329092153846 -0.981468841692308
"LAYING" 19 0.272653733493976 -0.984672837228916 -0.680043155060241 -0.988819031566265 0.0772317998650602 -0.988260181084337 -0.0312072730559566 -0.973197523855422 -0.0956018266746988 -0.986958363975904 -0.96626080686747 -0.963193489036145 -0.985342497710843 -0.980245510843374 -0.974832075662651 -0.983478561807229 -0.988558703373494 0.135277438 -0.972061003493976 -0.156450013338554 0.168481196584337 -0.965624724457831 -0.957496024457831
"LAYING" 20 0.239507882205882 -0.972571998382353 -0.472431415573529 -0.9765185525 0.0892716006470588 -0.984989224117647 -0.0231760616308824 -0.972409893529412 -0.0995033069117647 -0.986670534411765 -0.960743126176471 -0.939489444558824 -0.986749500882353 -0.981079301617647 -0.964960988382353 -0.983889985147059 -0.985707806323529 0.116642082939706 -0.973120029558823 -0.0784003340588235 0.187758018548529 -0.969832241176471 -0.964205915441177
"LAYING" 21 0.271325472455556 -0.945653787777778 -0.174349174822222 -0.952416332444444 0.0820150201077778 -0.983977644222222 -0.0305126188777778 -0.981345430888889 -0.0964118375066667 -0.988749495666667 -0.952596583222222 -0.942186431444444 -0.985915906888889 -0.982246471555556 -0.957258971111111 -0.984188841222222 -0.984925270666667 0.0883780669131111 -0.964968005222222 -0.407760367 -0.101802808811111 -0.962349012888889 -0.949736575111111
"LAYING" 22 0.279959721194444 -0.942945807916667 -0.418494577083333 -0.952435389166667 0.0752202242222222 -0.974527011944444 -0.0208311371125 -0.933251870694444 -0.100203934722222 -0.978636301805555 -0.934993799305556 -0.909407761152778 -0.981716936388889 -0.974201690972222 -0.912562856666667 -0.969570326944444 -0.976833164027778 0.0734034055506944 -0.964698258611111 -0.143181333825 0.0988290426666667 -0.946055840972222 -0.923552358194444
"LAYING" 23 0.274038007986111 -0.973223495416667 -0.391564962777778 -0.976780462083333 0.0831787608333333 -0.984663476666667 -0.0113399724663889 -0.983920132638889 -0.102024922819444 -0.994908984861111 -0.962959196805556 -0.957871990555555 -0.984557478611111 -0.981314831666667 -0.974304149166667 -0.986204659166667 -0.985502011944444 0.206066869445833 -0.96846913625 -0.1472313939875 0.0359321171277778 -0.966239347916667 -0.959025538194444
"LAYING" 24 0.272850494930556 -0.973566958888889 -0.359292534027778 -0.979239668194444 0.08072123275 -0.983087366805556 -0.0143679929444444 -0.98170136125 -0.102813809652778 -0.992381595972222 -0.9718540425 -0.969354834166667 -0.982780873888889 -0.978659102222222 -0.984571808472222 -0.985998546805556 -0.983185637916667 0.152359886551389 -0.966111980277778 -0.1812152290875 0.0811245566805556 -0.964001383472222 -0.961369084583333
"LAYING" 25 0.250791828613699 -0.717262004013699 -0.461102531369863 -0.610161166287671 0.0879071687671233 -0.96783552630137 0.00372723459589041 -0.91092799 -0.101646999342466 -0.974242254520548 -0.56047777609589 -0.649254767945205 -0.969783262465753 -0.96830952260274 -0.67238425569863 -0.972859085753425 -0.971885370136986 -0.0416113196575342 -0.946259639315069 -0.262888528465753 -0.241575056393973 -0.910126993561644 -0.850661340684931
"LAYING" 26 0.271645864540789 -0.984500013157895 -0.621309715263158 -0.984081708947368 0.0866502529210526 -0.989064628947368 -0.0170656239526316 -0.969302237763158 -0.100368640868421 -0.993759841842105 -0.976785042368421 -0.964355190394737 -0.99219798 -0.989917354473684 -0.983317083947368 -0.989224043947368 -0.989370490789474 0.137090425315789 -0.983127999342105 -0.0665477247486842 0.277268278907895 -0.974305179605263 -0.96613921868421
"LAYING" 27 0.274102492432432 -0.986636996081081 -0.530434604864865 -0.989056311351351 0.0766268551324324 -0.989685146621622 -0.0195427328781081 -0.97837499972973 -0.101147695256757 -0.993296720540541 -0.982091652162162 -0.978920176216216 -0.994355043783784 -0.993484313243243 -0.984269087972973 -0.986679572567568 -0.989901169864865 0.0961256024564865 -0.986795837297297 -0.0195690475405405 0.368679681202703 -0.979890667972973 -0.971806236756757
"LAYING" 28 0.2759134825 -0.956450342875 -0.490334541875 -0.97912466575 0.0780770644 -0.973071655875 -0.017367705735 -0.96237491175 -0.1045116270375 -0.981418916 -0.95811223025 -0.9545740295 -0.978220270625 -0.96977327725 -0.94200397775 -0.980013419 -0.974530843125 0.104292020185 -0.9658244555 -0.34947254522625 0.038386092475 -0.944218369375 -0.931675004125
"LAYING" 29 0.287295196811594 -0.987255149855072 -0.346789842753623 -0.98577817826087 0.0718861195971014 -0.993288313333333 -0.0258281004782609 -0.97499461942029 -0.0995339880724638 -0.995380794637681 -0.986493196666667 -0.981572147681159 -0.997322526811594 -0.997666071594203 -0.990680395362319 -0.992153982028986 -0.993107759855072 0.138616312664928 -0.993696336521739 0.0401385255637681 0.435846931652174 -0.98400134173913 -0.976679046231884
"LAYING" 30 0.281033900571429 -0.967044236428571 -0.344737755285714 -0.983274524857143 0.0752196666428571 -0.979517896142857 -0.0267812218571429 -0.968889156142857 -0.102277358585714 -0.980768874571429 -0.969829984285714 -0.960167907285714 -0.985086413428571 -0.976177142571429 -0.9535584 -0.976887901571429 -0.982281553142857 0.0410381510042857 -0.968170332428571 -0.239924763457143 0.17601722025 -0.962001199 -0.952644449285714
"SITTING" 1 0.261237565425532 -0.93958629106383 0.831509933404255 -0.949040933191489 0.0774825199574468 -0.987910804468085 -0.045350056512766 -0.941425920851064 -0.0936793807234043 -0.987935806382979 -0.948536786170213 -0.927078418723404 -0.991976341276596 -0.988308728510638 -0.917275006382979 -0.986597022553191 -0.988339184893617 0.256610823568085 -0.975838585319149 0.0631270669787234 0.236655011680851 -0.958435589361702 -0.932198374893617
"SITTING" 2 0.27708735173913 -0.95982817173913 0.940477273043478 -0.954415873043478 0.0722564387173913 -0.98751821173913 -0.0454706620434783 -0.959803708695652 -0.0936328412826087 -0.985542325652174 -0.967893623913043 -0.953081444130435 -0.991081493913043 -0.989594919565217 -0.950073754130435 -0.987848793695652 -0.988570804130435 0.305546818084783 -0.982100923695652 -0.192142737913043 0.130934202854348 -0.971840596086956 -0.961385745217391
"SITTING" 3 0.257197599134615 -0.875110175384615 0.901098984615385 -0.897736318269231 0.0726098418653846 -0.974661565961538 -0.0385365204807692 -0.926413710384615 -0.103605889057692 -0.973751670576923 -0.895383350192308 -0.8703017 -0.977998051923077 -0.976772675961538 -0.8496556575 -0.974950363461538 -0.9771595725 0.215731832596154 -0.95617355 -0.166042259123077 0.02816007875 -0.946664943653846 -0.925449629
"SITTING" 4 0.27153827992 -0.9322030066 0.8693030064 -0.9509492546 0.0784500239 -0.9790387658 -0.04944351156 -0.9279722294 -0.09694948424 -0.9688048316 -0.93569482 -0.9144078448 -0.9804904618 -0.9758066902 -0.8894673494 -0.9768457126 -0.9816994482 0.2130199199042 -0.9675836478 -0.394745539548 0.028092110644 -0.9487697524 -0.9288505544
"SITTING" 5 0.273694139545455 -0.926094740227273 0.880731443863636 -0.945008999545455 0.0749577410909091 -0.973436529545455 -0.0422355209795455 -0.940637937045455 -0.0889747665681818 -0.964878512727273 -0.9379783225 -0.920939027727273 -0.973848287045455 -0.970392610454546 -0.9022915301 -0.976024951136364 -0.97602233 0.0757356169022727 -0.955460359318182 -0.187706341013636 0.0586075165227273 -0.944760322045455 -0.934746865454545
"SITTING" 6 0.276778487454545 -0.925797097090909 0.933692934909091 -0.955475832363636 0.0754721635223636 -0.958572952545454 -0.0372442282830909 -0.939681350909091 -0.0936693524363636 -0.958787671272727 -0.949543531272727 -0.931572655636364 -0.962929227818182 -0.950150571818182 -0.925676956 -0.971037479818182 -0.961636555090909 0.0999400617187273 -0.943857393090909 -0.129239217950909 0.128902046152727 -0.929725679272727 -0.929549141636364
"SITTING" 7 0.284674637291667 -0.8565329414375 0.969147824375 -0.868602535416667 0.0668519793125 -0.972256472708333 -0.04963797197125 -0.937021208541667 -0.0938155625083333 -0.980954665416667 -0.918432107083333 -0.881957619770833 -0.981665122291667 -0.976214430208333 -0.904629195833333 -0.982037243958333 -0.974699194375 0.180132581508333 -0.956678065 -0.308762329160625 -0.0112330111875 -0.933081955208333 -0.895804978125
"SITTING" 8 0.267491472934783 -0.939553030217391 0.832453878043478 -0.935475331521739 0.0786713761086957 -0.985285807173913 -0.0547396987173913 -0.959623548478261 -0.0923150250434783 -0.985241405434783 -0.952139704347826 -0.929943615630435 -0.991807428043478 -0.986756670869565 -0.923829969347826 -0.984977270652174 -0.986185349347826 0.227828617 -0.97658989 -0.261139449513043 0.121543001092174 -0.965806789347826 -0.953251156521739
"SITTING" 9 0.24832674354 -0.83200187268 0.9163245106 -0.88585411242 0.077005006374 -0.9618894376 -0.042328876778 -0.9301768338 -0.0930708106 -0.9687388914 -0.8933617176 -0.8637564342 -0.9733641366 -0.9663610734 -0.86761360746 -0.9655962396 -0.9649413418 0.02039798558 -0.9396930078 -0.359739581712 -0.08061344386 -0.9344377378 -0.9064712292
"SITTING" 10 0.270612056481481 -0.967826981666667 0.791887198148148 -0.966898520555556 0.0775372505185185 -0.988255803703704 -0.0432432176851852 -0.960445962037037 -0.0931555026481481 -0.990259813148148 -0.96075719962963 -0.939669591481481 -0.993707487592593 -0.991696196481481 -0.912838063018519 -0.989365013888889 -0.98911086 0.193449216333333 -0.986179215555556 0.0677252285555556 0.221566081296296 -0.974459732592593 -0.962459956111111
"SITTING" 11 0.276590197358491 -0.968370181886792 0.871963798301887 -0.971661610754717 0.0761777324716981 -0.983441609622641 -0.0399984915849057 -0.95284431245283 -0.0948423481320755 -0.981016044716981 -0.961970763773585 -0.944581826415094 -0.989519031132076 -0.986256664716981 -0.920047161698113 -0.980831750377358 -0.984349606792453 0.153320197518868 -0.98263664490566 -0.102473210571698 0.198648837339623 -0.969799951132076 -0.960711241886792
"SITTING" 12 0.275007224901961 -0.939661889019608 0.926228975490196 -0.956208629607843 0.0771277656078431 -0.97911346627451 -0.0424159182941176 -0.951552533137255 -0.0941023489803922 -0.977138953921569 -0.952176621372549 -0.947517100196078 -0.980392337647059 -0.978260535882353 -0.926033975686275 -0.977109887058824 -0.981408871764706 0.138129939916471 -0.963725248823529 -0.1941602972 0.00487835794117647 -0.958511866666667 -0.948460978823529
"SITTING" 13 0.274328499591837 -0.938641215510204 0.92557651244898 -0.930979556938776 0.0752865881142857 -0.987612090204082 -0.0355124856836735 -0.966896414285714 -0.095919848877551 -0.989861382040816 -0.957690563673469 -0.937935738571429 -0.992604304489796 -0.991414934897959 -0.933666502510204 -0.992678212653061 -0.988612100204082 0.264214260326531 -0.982456053877551 -0.106178686469388 0.150538936606122 -0.973258277755102 -0.96426809755102
"SITTING" 14 0.279990577037037 -0.922774835740741 0.939038759814815 -0.938415738148148 0.0741878844074074 -0.976133383518519 -0.0440403326851852 -0.952904383518518 -0.0921614578888889 -0.982819138888889 -0.944197943703704 -0.92549582962963 -0.988317606666667 -0.986963989814815 -0.911591208203704 -0.981566649444444 -0.978180020925926 0.00357106024444444 -0.969806729814815 -0.34128282392963 0.015368050237037 -0.963320540555556 -0.946517963703704
"SITTING" 15 0.27290337979661 -0.949338025084746 0.89036426220339 -0.952973658983051 0.0784792788644068 -0.987011024745763 -0.0377111130338983 -0.963765802881356 -0.0953649067966102 -0.987937202542373 -0.958669836271186 -0.93797790559322 -0.992188893898305 -0.989720049491525 -0.919162700338983 -0.988106102033898 -0.987694113559322 0.240022781071475 -0.979201724745763 -0.154626052352542 0.157506318561017 -0.973762179830509 -0.963378228474576
"SITTING" 16 0.280768574492754 -0.939672247101449 0.942457377971014 -0.945813561478261 0.0734346720289855 -0.983487212898551 -0.0412014042275362 -0.960287831304348 -0.0957204520289855 -0.988364321449275 -0.961879680724638 -0.941051236086957 -0.992444606231884 -0.988261252608696 -0.949829260434783 -0.990964251304348 -0.984362469130435 0.203452532052174 -0.96679600173913 -0.174805735936232 0.240617264101449 -0.954060994347826 -0.938863215072464
"SITTING" 17 0.2773570196875 -0.96572919578125 0.94488374765625 -0.9566106440625 0.075070986171875 -0.990529261875 -0.042549159015625 -0.9797052259375 -0.094247696875 -0.9938412575 -0.97274734640625 -0.96506519109375 -0.996334795 -0.994446755625 -0.959789141875 -0.99454262109375 -0.99081824828125 0.232009757914063 -0.98879397953125 -0.148799346228125 0.126009669051562 -0.98336929234375 -0.97471085296875
"SITTING" 18 0.27727001877193 -0.977572717017544 0.909816469298246 -0.978340183157895 0.076622889 -0.990153121754386 -0.0333057034385965 -0.981525495438596 -0.0954723233684211 -0.992814325087719 -0.983674151754386 -0.981595285964912 -0.994873439824561 -0.994868913508772 -0.974980068596491 -0.991924709824561 -0.990141676315789 0.234747570824561 -0.988702701403509 -0.150376356784211 0.304581057473684 -0.986535242105263 -0.981252632807018
"SITTING" 19 0.273830316164384 -0.951929615068493 0.581371509041096 -0.960394960821918 0.0753747129191781 -0.986704740273973 -0.0214151280054795 -0.96559497630137 -0.100986131452055 -0.98531069 -0.962074065616438 -0.951755657260274 -0.989450316575342 -0.985831284657534 -0.948053070136986 -0.986775590136986 -0.988151915753425 0.091700311709589 -0.968188675753425 -0.39302195830137 -0.0538580142455342 -0.964238768493151 -0.950484417260274
"SITTING" 20 0.278045439090909 -0.929106396818182 0.924454522424242 -0.935854966151515 0.0746568393030303 -0.976522488787879 -0.036405928969697 -0.945771803484848 -0.0959970816060606 -0.979742084090909 -0.952738043030303 -0.937764028181818 -0.983010276060606 -0.97507615 -0.935031700454545 -0.982243603030303 -0.978458923030303 0.136601130674242 -0.964643068787879 -0.314720986151515 0.0408663540363636 -0.953399068181818 -0.943725755909091
"SITTING" 21 0.277539616823529 -0.959567861764706 0.940031368 -0.965426493882353 0.0757109789882353 -0.985823622941176 -0.0198712820612471 -0.976972658588235 -0.101114775129412 -0.987954515294118 -0.974734999411765 -0.971994251294118 -0.990307349882353 -0.990302232705882 -0.96756129 -0.989759187058823 -0.986845672352941 0.244349529764706 -0.979830938 -0.16118334856 0.250062689644706 -0.977839702352941 -0.972027251294118
"SITTING" 22 0.273583822709677 -0.917564853870968 0.839305928709677 -0.927950649854839 0.0807687311935484 -0.978928356290323 -0.0360430675032258 -0.946501417741936 -0.0986493161935484 -0.97954410516129 -0.942167353870968 -0.924336184035484 -0.98547603483871 -0.976503766290323 -0.926995253483871 -0.980944505967742 -0.981272224354839 0.214704630348387 -0.959161754193548 -0.273301879941935 -0.0543672717149677 -0.951952767258065 -0.93356300983871
"SITTING" 23 0.273351251617647 -0.905584390323529 0.936509242941176 -0.923953600294118 0.0770022352205882 -0.975978995 -0.0472583464367647 -0.9597186325 -0.0967422192647059 -0.988130142058824 -0.944080772941176 -0.924963263235294 -0.986514066029412 -0.979226997941177 -0.930781487205882 -0.984550863529412 -0.977936447205882 0.285643525808824 -0.957920288823529 -0.0826203849176471 0.162284907683824 -0.952293277205882 -0.938680776617647
"SITTING" 24 0.273475690147059 -0.957056111470588 0.919637604411765 -0.963406795735294 0.0763318528529412 -0.984662946764706 -0.0356229619955882 -0.971277654117647 -0.0951782658382353 -0.989850160294118 -0.968979156470588 -0.963779683235294 -0.991306424705882 -0.990724530735294 -0.954998005147059 -0.988857403235294 -0.986008449264706 0.187752123742647 -0.981200181176471 -0.281538204205882 0.0943831689514706 -0.977973720735294 -0.969105899117647
"SITTING" 25 0.278541482461538 -0.965139552153846 0.865686078153846 -0.969459982461538 0.0752087009912308 -0.988433153384615 -0.0352052091230769 -0.972637558615385 -0.0954801379692308 -0.991491387846154 -0.970409337076923 -0.960003414461538 -0.99286465 -0.991766403076923 -0.944842993230769 -0.992478846153846 -0.989156105538462 0.176656276830769 -0.983827801076923 -0.300483308276923 0.194658204369231 -0.979350913692308 -0.970321897230769
"SITTING" 26 0.258243530166667 -0.950004414102564 0.782955611794872 -0.944580863846154 0.0764443226333333 -0.99000871051282 -0.0370217449628205 -0.966441338076923 -0.095984817 -0.991929788974359 -0.953079994102564 -0.933602783410256 -0.994466446282051 -0.994033207051282 -0.937783538974359 -0.992025427435897 -0.990693114358974 0.17657695075641 -0.981740793333333 -0.38419769075641 0.0890797482948718 -0.97646387 -0.963650652307692
"SITTING" 27 0.273941302571429 -0.965858735142857 0.839464714 -0.967268066 0.0779038963571429 -0.988904001571429 -0.0371830822285714 -0.975713310142857 -0.0951635808 -0.991766787571429 -0.979481668857143 -0.969526674714286 -0.994034710714286 -0.992112829571429 -0.971266062714286 -0.990839607428571 -0.989282516857143 0.194318820804286 -0.984141119142857 -0.159439066752857 0.207855626508571 -0.979482820857143 -0.970528266285714
"SITTING" 28 0.276977629444444 -0.936667245694444 0.907331309166667 -0.956087679583333 0.0768671621527778 -0.976327426666667 -0.0339018030166667 -0.9566328025 -0.0953935055833333 -0.971001691388889 -0.955789708611111 -0.947782703333333 -0.981213159305556 -0.978441918333333 -0.939885478333333 -0.976891804583333 -0.978327769444444 0.147680902402778 -0.963117633611111 -0.320939754194444 0.0291999772481944 -0.960297525 -0.953534292638889
"SITTING" 29 0.2771799775 -0.968063878166667 0.891563755166667 -0.966032045333333 0.0745438102516667 -0.990168733 -0.0379271112333333 -0.971227991666667 -0.0953636995833333 -0.9928337675 -0.978017021833333 -0.9692903165 -0.995392308166667 -0.994905344 -0.961693949333333 -0.993445760166667 -0.990445861666667 0.277955332916667 -0.990329245333333 -0.173147233958333 0.250970927783333 -0.980269425833333 -0.971011373
"SITTING" 30 0.268336081379032 -0.950654041290323 0.825473836935484 -0.956635663064516 0.0760057731790323 -0.988164381290323 -0.0358426482048387 -0.955053200806452 -0.095270767516129 -0.988124495645161 -0.957487221451613 -0.942901466612903 -0.993737388225806 -0.991280225 -0.933992577903226 -0.988775436451613 -0.988971211935484 0.136689127145161 -0.982005883387097 -0.312781565 0.0705937003967742 -0.973876282903226 -0.959513937258065
"STANDING" 1 0.278917629056604 -0.979775876981132 0.942952000377358 -0.976324063584906 0.0753766542264151 -0.992251177358491 -0.0239877347979245 -0.980645626981132 -0.0996092129056604 -0.992108467169811 -0.984278207358491 -0.981942928867925 -0.994966790566038 -0.994733238679245 -0.972293102075472 -0.994630797358491 -0.992349818113208 0.314182940150943 -0.988984455849057 -0.0447191978169811 0.284555290773585 -0.984617623396226 -0.978466072075472
"STANDING" 2 0.277911472222222 -0.949741851296296 0.896928566851852 -0.945927078703704 0.0747588597592593 -0.982841446481482 -0.0238623875712963 -0.964856701851852 -0.105562157888889 -0.973610118333333 -0.965875181296296 -0.957874965 -0.983951904259259 -0.977204427777778 -0.957908842222222 -0.980973241666667 -0.984599905185185 0.331449281481482 -0.972576152962963 -0.171160370096296 0.119649963903704 -0.961775904814815 -0.956788725740741
"STANDING" 3 0.280046513278689 -0.911419015081967 0.93503077852459 -0.928161577377049 0.0750900622277049 -0.973059634918033 -0.0246626070770492 -0.91236408147541 -0.0994602620655738 -0.958293011803279 -0.925430819016393 -0.915143303606557 -0.962339339672131 -0.957679766885246 -0.89243434852459 -0.957666856721311 -0.975595949508197 0.0749564403088525 -0.937711157213115 -0.316011207026229 -0.000332753967377052 -0.913682362622951 -0.883439718032787
"STANDING" 4 0.280499745892857 -0.896880538392857 0.95619779125 -0.899404775267857 0.0721328379857143 -0.973054201071429 -0.0306449342357143 -0.909995038571429 -0.103057894142857 -0.957982019464286 -0.906478051785714 -0.890976683392857 -0.967614073928571 -0.964282784285714 -0.857380281803571 -0.972310894285714 -0.976229505535714 0.2722139805 -0.955992945178571 -0.364372374642857 -0.102971757742857 -0.914209165714286 -0.887194404285714
"STANDING" 5 0.282544390892857 -0.869327321785714 0.960188699107143 -0.914608495714286 0.0725189859107143 -0.963832118928571 -0.0322711902673214 -0.907471555714286 -0.0922249863035714 -0.944755343035714 -0.906104701071429 -0.87977380125 -0.958405900892857 -0.947970723571429 -0.867933178017857 -0.963059235178571 -0.96807230125 0.150463078469643 -0.939373524464286 -0.162944927001786 -0.0169422323298214 -0.904543921607143 -0.868913993928571
"STANDING" 6 0.280346248596491 -0.925692371929825 0.945139003859649 -0.942795062280702 0.0730699604561404 -0.967547241754386 -0.028251913022807 -0.947782155964912 -0.103292534210526 -0.962758177192982 -0.945022876491228 -0.939310249649123 -0.963406222982456 -0.952536233859649 -0.921449111052632 -0.97348053877193 -0.969895845789474 0.186559227035088 -0.943273146140351 -0.195978463377193 0.0373542193561403 -0.926664297017544 -0.923108761578947
"STANDING" 7 0.282723539433962 -0.917064168490566 0.958728687924528 -0.939161014716981 0.0751915112830189 -0.972060053207547 -0.0291582212545283 -0.951630777358491 -0.0901539662169811 -0.978166790943396 -0.942724659245283 -0.933590156792453 -0.977377083018868 -0.97210793 -0.919118753018868 -0.976323086226415 -0.974533710754717 0.098774853689 -0.957548671320755 -0.298448698150943 -0.0288451773293208 -0.93870498490566 -0.919848139056604
"STANDING" 8 0.279620986111111 -0.926065255185185 0.957669921111111 -0.918293913703704 0.0753739045185185 -0.982610899259259 -0.0219671978203704 -0.974118322407407 -0.097757576 -0.989270900740741 -0.953762884074074 -0.937187185222222 -0.987580587777778 -0.982460332222222 -0.936231722777778 -0.989029238518519 -0.984465744444444 0.267296230824074 -0.972595487037037 -0.197392513112963 0.110646845581481 -0.964564224074074 -0.954119826296296
"STANDING" 9 0.282310057333333 -0.919295805777778 0.961323502222222 -0.932245295111111 0.0760032053555556 -0.970584264666667 -0.029183136346 -0.939889737333333 -0.095897704 -0.969726483555556 -0.945167482444444 -0.936105010444444 -0.969824044222222 -0.965287050888889 -0.938790016888889 -0.971313768666667 -0.972588748666667 -0.0235041479111111 -0.954514301555556 -0.348959970422222 0.0235738706622222 -0.929769067777778 -0.910909659555556
"STANDING" 10 0.276650300681818 -0.941271440454545 0.954008785454545 -0.959579657727273 0.0809784390227273 -0.9764306 -0.0281854325604545 -0.953681099545455 -0.104753833181818 -0.969051030681818 -0.951988907954545 -0.937264537954545 -0.971637661590909 -0.964409410454545 -0.921860476590909 -0.963565166136364 -0.979428729090909 0.253301389636364 -0.960323800909091 -0.164082230704545 0.0902454673818182 -0.937786743409091 -0.922961550454545
"STANDING" 11 0.277715562765957 -0.986382712765957 0.956464535957447 -0.989433253617021 0.0760097721914894 -0.990132989574468 -0.0293141521489362 -0.980636664893617 -0.099519355893617 -0.990663218510638 -0.984853836595745 -0.98030536893617 -0.993428183617021 -0.992579166595745 -0.96350679 -0.992385450851064 -0.990378149574468 0.312171839674468 -0.994025488297872 0.11920123437234 0.233078227234043 -0.982576519787234 -0.977437710851064
"STANDING" 12 0.277405834918033 -0.920684800114754 0.957317821803279 -0.939534099016393 0.0744631761967213 -0.975556976885246 -0.0300030427426229 -0.950364757540984 -0.0976380412377049 -0.973689389672131 -0.941459935081967 -0.935232945245902 -0.969289973606557 -0.961923171967213 -0.922852028360656 -0.971971634098361 -0.978792832786885 0.230672593114754 -0.948251856721312 -0.143868272885738 0.0468988697540984 -0.902356765573771 -0.850033171967213
"STANDING" 13 0.277758431052632 -0.967538031754386 0.942695296842105 -0.976827157368421 0.0758630962280702 -0.986926242631579 -0.0295492164431579 -0.973436596140351 -0.0981199986666667 -0.985177042982456 -0.971564243157895 -0.968519673859649 -0.983637634912281 -0.976197659649123 -0.947179813157895 -0.988198276666667 -0.987871530526316 0.237964693460702 -0.97291308 -0.170676014929825 0.0936059842982456 -0.957488799473684 -0.946857485438596
"STANDING" 14 0.280545613833333 -0.9222763115 0.875319569 -0.940757718 0.0737933748485 -0.970766734 -0.0220886526891667 -0.946589134666667 -0.100718458866667 -0.974687865833333 -0.943456847333333 -0.936735577166667 -0.974873328 -0.966834217 -0.926055903 -0.97818164 -0.973594305166667 0.0237594244966667 -0.9508361945 -0.2780036534 -0.0374702781666667 -0.944405563833333 -0.934815560833333
"STANDING" 15 0.278915803962264 -0.951670257924528 0.965528899622642 -0.958810153207547 0.0752280703207547 -0.985301940754717 -0.0262433562254717 -0.968167046415094 -0.101358786226415 -0.981293117924528 -0.961207616226415 -0.948600432641509 -0.984407077924528 -0.98143282754717 -0.930286443396226 -0.985353492641509 -0.986654459433962 0.267947792641509 -0.975133868867925 -0.130161072926415 0.0328961071132075 -0.956733900188679 -0.928838303773585
"STANDING" 16 0.283497402948718 -0.953468961666667 0.941587749358974 -0.959562830769231 0.0736438905641026 -0.988073825641026 -0.0299337294166667 -0.982357006410256 -0.100107332602564 -0.992698522948718 -0.969948825128205 -0.95729449448718 -0.992848576025641 -0.990809427435897 -0.958174310128205 -0.991038638974359 -0.98865796025641 0.267452462051282 -0.983594244615385 -0.180188922417949 0.0924921398371795 -0.975448632179487 -0.963574736025641
"STANDING" 17 0.277942503333333 -0.970462679230769 0.904678547435897 -0.969171762179487 0.0740864955641026 -0.991217027307692 -0.0269576937130769 -0.985538363333333 -0.101289168653846 -0.992327099487179 -0.977635981410256 -0.975377309871795 -0.993672973717949 -0.992372117307692 -0.966427323846154 -0.992129225769231 -0.991450377692308 0.257118196283333 -0.987334041282051 -0.162736719461538 0.119058407512821 -0.984291131538461 -0.977263418717949
"STANDING" 18 0.278458805890411 -0.961873909178082 0.947573239863014 -0.976044291369863 0.0753539482328767 -0.988455249452055 -0.0265873248835616 -0.972820402739726 -0.0987174024657534 -0.986259015753425 -0.972607495342466 -0.972285545479452 -0.988685954931507 -0.988519665753425 -0.952911994794521 -0.989544971232877 -0.989275839041096 0.200295939657534 -0.983561159726027 -0.264498462054794 0.0447928488520548 -0.972352593013699 -0.95911345739726
"STANDING" 19 0.27817226 -0.952599653972603 0.944045837534247 -0.958862043972603 0.0754120366712329 -0.986142491917808 -0.025090574020274 -0.960734258356164 -0.0990467890520548 -0.983453911232877 -0.960505683561644 -0.962549342465753 -0.985801637671233 -0.983069427945205 -0.943193755068493 -0.985039596164384 -0.987524587534247 0.199135943480822 -0.975061671643836 -0.291796963682192 0.00178112668493151 -0.958578129589041 -0.936723548493151
"STANDING" 20 0.278076904657534 -0.913142481643836 0.911231752465753 -0.942437325616438 0.0763556159315068 -0.958936310958904 -0.0241335049573973 -0.907343324657534 -0.102049132684932 -0.948669854794521 -0.92240685739726 -0.910672094794521 -0.94793650109589 -0.926328788356164 -0.872525409452055 -0.959710489315069 -0.963973097671233 0.0982414306372603 -0.91064914109589 -0.360072092194521 -0.0784367685864384 -0.879437674794521 -0.849127347123288
"STANDING" 21 0.27695224258427 -0.946123407078652 0.881213341910112 -0.958590002247191 0.0754543858764045 -0.977915677191011 -0.0191731896359551 -0.959327022022472 -0.103199796370787 -0.975427259325843 -0.958774298089888 -0.956919898202247 -0.976857084157303 -0.976153687752809 -0.94354515752809 -0.976803010674157 -0.979723339662921 0.156072448511236 -0.960082591123596 -0.248811283196742 0.0947666458898876 -0.956723022359551 -0.947763172921348
"STANDING" 22 0.279053861587302 -0.942201655238095 0.954064297619048 -0.958890201587302 0.0752322891746032 -0.981478064920635 -0.0275201762126984 -0.96058251031746 -0.0975013472380952 -0.979753572380952 -0.954807661269841 -0.939866315079365 -0.978603529206349 -0.966086148412698 -0.923657558412698 -0.974969214761905 -0.984305238253968 0.227103206142857 -0.97068244031746 -0.374460047253968 -0.0729359541825397 -0.932065270793651 -0.900222411269841
"STANDING" 23 0.277899323235294 -0.929409745147059 0.919857125882353 -0.947199734411765 0.0750206478676471 -0.973595215441176 -0.0327397745133823 -0.962389689411765 -0.0981481050441177 -0.984654516470588 -0.957212267058824 -0.9516698575 -0.9763992525 -0.972387365294118 -0.958042411176471 -0.983283252058823 -0.976241315882353 0.201179907463235 -0.952781164558824 -0.197834986461765 0.0611889890617647 -0.944583829705882 -0.924805421470588
"STANDING" 24 0.280348883913043 -0.930283530144928 0.96644228 -0.94618494942029 0.0746177416521739 -0.977716354927536 -0.0278611511434783 -0.969958678115942 -0.0991947719855072 -0.983276883478261 -0.950061017681159 -0.94790101173913 -0.982387268985507 -0.979995718695652 -0.934454791304348 -0.98116164057971 -0.979936740869565 0.207088443601449 -0.970426493768116 -0.12902696413913 -0.0499986378695652 -0.963922314202899 -0.954407176956522
"STANDING" 25 0.278013701621622 -0.964642688108108 0.929794733108108 -0.967792578648649 0.0752337295675676 -0.987062685135135 -0.0247946750959459 -0.971814139189189 -0.100473697756757 -0.980722294459459 -0.972663592162162 -0.968075629324324 -0.985091991216216 -0.983230809594595 -0.95417933 -0.988404654864865 -0.987898048378378 0.186395511032432 -0.97839988527027 -0.224933997248649 0.153959874551081 -0.968972499594595 -0.961090396891892
"STANDING" 26 0.281127035405405 -0.962988401351351 0.965460891621622 -0.964228470675676 0.0753578207972973 -0.986693448648649 -0.0245345837959459 -0.974891360675676 -0.100355997108108 -0.985992503243243 -0.968511694324324 -0.962697299189189 -0.98854482527027 -0.984253792432432 -0.947829677432432 -0.990586982162162 -0.987428086216216 0.267659898704054 -0.98388591027027 -0.118659609293919 0.0663748187851351 -0.972333108648649 -0.962967605810811
"STANDING" 27 0.279566921625 -0.962408444875 0.965351492 -0.968169953625 0.074969980825 -0.987354788 -0.026731653905 -0.981281807 -0.0987605078625 -0.9889703575 -0.972753287375 -0.9663601145 -0.989532103875 -0.988819784 -0.954381606375 -0.987771749375 -0.98820826225 0.29614372759125 -0.983731873 -0.1390560867165 0.17782530310375 -0.975525565625 -0.96540017025
"STANDING" 28 0.277795069113924 -0.905123824177215 0.948514848481013 -0.951782181518987 0.0753131601898734 -0.969765362025316 -0.0253281543540506 -0.925491442911392 -0.102248409070886 -0.956497163670886 -0.92547165164557 -0.917658334177215 -0.959681019113924 -0.956266480126582 -0.87446926556962 -0.968513715189873 -0.973572051898734 0.146890848677215 -0.948160785316456 -0.35931164035443 -0.0886594278246835 -0.909652436329114 -0.878459662025316
"STANDING" 29 0.277965065846154 -0.980207488923077 0.974508732 -0.984464543538462 0.0753052530307692 -0.990593859692308 -0.0276075573307692 -0.983368643230769 -0.0988701505538462 -0.990685705384615 -0.984745318923077 -0.981745712923077 -0.992144698923077 -0.991453632153846 -0.968278553076923 -0.993736906 -0.991316374615385 0.303254910076923 -0.991586674 -0.149854192615385 0.179958311861538 -0.980879722923077 -0.975938728769231
"STANDING" 30 0.277112699152542 -0.912850596949152 0.968556705084746 -0.949207368305085 0.0752414472033898 -0.968897316101695 -0.027613853538983 -0.93083468440678 -0.0997160228220339 -0.970845670677966 -0.930573574915254 -0.916570441355932 -0.972995273898305 -0.955995671864407 -0.885572781694915 -0.967857589322034 -0.973954338305085 0.0608341046813559 -0.945628836949153 -0.302348710389831 -0.111500209335424 -0.917449417288136 -0.888872227966102
"WALKING" 1 0.277330758736842 -0.260027902210526 0.935223201473684 -0.947717226105263 0.0740416333157895 -0.502699788526316 -0.041830963526 -0.344266629473684 -0.0899975423705263 -0.404255452631579 -0.136971176556842 -0.219688645631579 -0.298703679084211 -0.325324878894737 0.056040006846 -0.170546964549579 -0.534713440421053 -0.209261973376842 -0.103059416434737 -0.0657746190010526 0.1906437244 -0.199252568986316 -0.321017953894737
"WALKING" 2 0.276426586440678 -0.425257524915254 0.91301733338983 -0.972072847627119 0.0618080696279661 -0.586090418983051 -0.0530258157347458 -0.481085535084746 -0.0818833429152542 -0.435492677288136 -0.290407593728814 -0.422544169322034 -0.547911950338983 -0.557798151355932 -0.16921968620339 -0.304615322881356 -0.615898188474576 -0.0727101584479661 -0.55477211220339 -0.0427009322372881 0.393206208305085 -0.530704814745763 -0.651792839661017
"WALKING" 3 0.275567462068966 -0.387411994310345 0.936506743275862 -0.952091795 0.0814745882660345 -0.52948611637931 -0.0256405192517241 -0.476696411551724 -0.0952398165017241 -0.536664080344828 -0.254690333275862 -0.328428936551724 -0.566135217931034 -0.567371560862069 -0.124030832001724 -0.304694442551724 -0.543529108103448 -0.216042668103448 -0.561526265344828 -0.0379896505362069 0.113494312836207 -0.569755772241379 -0.632643292931034
"WALKING" 4 0.278582015166667 -0.586252806833333 0.963999696833333 -0.962968112 0.0783529082183333 -0.7513913825 -0.0317982557795 -0.662608226 -0.115321556475 -0.640454132833333 -0.312050574166667 -0.527679103166667 -0.6813040365 -0.7301463685 -0.101799450565167 -0.358883413666667 -0.772359087333333 -0.1352803947515 -0.688460056666667 -0.27466563765 0.382096409966667 -0.609285588016667 -0.593937200833333
"WALKING" 5 0.27784234625 -0.45702143625 0.972624959821429 -0.964580803928571 0.0845888833571429 -0.612895318571429 -0.0488919896632143 -0.318700615178571 -0.0888408355267857 -0.157682543983929 -0.158338674394643 -0.377178733392857 -0.444532485357143 -0.48919974625 0.0426026830839286 -0.344954806428571 -0.633429995714286 -0.359372577678571 -0.513951718392857 -0.0191860123089286 0.149852522225 -0.484262828928571 -0.589741506785714
"WALKING" 6 0.283658868070175 -0.504324207192982 0.958067455087719 -0.957205025789474 0.0699585876912281 -0.575777466491228 -0.025509618645614 -0.383139334736842 -0.0878891090105263 -0.166684422233333 -0.166840713631579 -0.266734167368421 -0.321290483140351 -0.364708342315789 0.101699642168947 -0.150942917824561 -0.608624354210526 -0.178295181261404 -0.341378429473684 0.0416267535368421 0.20009036395614 -0.329681123368421 -0.510648322631579
"WALKING" 7 0.275592961754386 0.159631283261403 0.932566472280702 -0.952159770526316 0.0901462649192983 -0.149488514397895 0.00228835208526316 -0.396013535263158 -0.123654199751333 -0.458302971403509 -0.0978090439438596 -0.198554708385965 -0.300022779964912 -0.0953401161070176 -0.143721823263158 -0.383715797719298 -0.190751539207018 -0.284586506210526 -0.151966687436842 0.273141323315789 0.172997883545614 -0.192909765467895 -0.343894914947368
"WALKING" 8 0.27468631 -0.1420885318125 0.913586347916667 -0.956640104791667 0.0703393490833333 -0.383200596479167 0.0235088228254167 -0.0754447842395833 -0.135886431360417 -0.388446971666667 0.0516786278104167 -0.1804072826 -0.339129269583333 -0.502957255416667 0.32484493125 -0.311198711041667 -0.4044825094375 -0.345898115416667 -0.259729692333333 -0.102881607560417 0.204080887916667 -0.301241848645833 -0.327459577895833
"WALKING" 9 0.278502842115385 -0.0579636469030769 0.951867079615385 -0.955523995576923 0.0704357270480769 -0.409764526153846 -0.0808360598653846 -0.265683521346154 -0.0809204094461538 -0.457881494038462 -0.0980840496143461 -0.37942877 -0.510253995769231 -0.599866472692308 -0.223972558596154 -0.314265401346154 -0.419104362884615 -0.378291493076923 -0.436905860576923 0.0164815831107692 0.161672988528846 -0.513797480384615 -0.562714528653846
"WALKING" 10 0.278574076603774 -0.395645072075472 0.963092149811321 -0.957862728301887 0.0857943809283019 -0.511662905849057 0.0106894976215094 -0.174524868603774 -0.122709563462264 -0.329079492641509 -0.127400912069811 -0.185602396067925 -0.440363636603774 -0.501027916603774 -0.129775706316981 -0.107941107467925 -0.558512650188679 -0.260130638807547 -0.345209034528302 -0.122109929924528 0.179599864783019 -0.412616909622642 -0.499759796981132
"WALKING" 11 0.271821892881356 -0.530626311355932 0.946468451355932 -0.960852684067797 0.0829709328491525 -0.720654731186441 -0.0426928995457627 -0.434178202542373 -0.0918204195491525 -0.551079942542373 -0.288323472033898 -0.487735915084746 -0.63073270559322 -0.753671416101695 -0.0966068285372881 -0.453265268813559 -0.747564612033898 -0.353419932627119 -0.593107398474576 -0.297177112525424 0.0935818048854746 -0.610222628813559 -0.59974543779661
"WALKING" 12 0.2771286656 -0.4106060626 0.9668735148 -0.9502762272 0.045764401482 -0.512276838 -0.1045136708758 -0.35017028664 -0.06223893174 -0.4806421996 -0.102204550448 -0.23697286882 -0.5174937754 -0.5488904506 -0.20851528006 -0.08161979534 -0.5314863218 -0.2811065665 -0.4678863378 -0.025458442506 0.25226775306 -0.442503784 -0.4948022154
"WALKING" 13 0.275883130350877 -0.220503537026316 0.910855709298246 -0.948637587719298 0.0809590227198246 -0.374633172105263 -0.0174207634701754 -0.363369948070175 -0.0966598593263158 -0.341765824491228 -0.135643867842105 -0.292546377017544 -0.303508210175439 -0.322118379807018 0.0921968931052632 -0.290460801694737 -0.406173351578947 -0.190905932631579 -0.256213554508772 0.0741273597017544 0.253532325631579 -0.267472373877193 -0.379951835438597
"WALKING" 14 0.271959598644068 0.0518841040022034 0.802973961525424 -0.947516969830508 0.0720877913452542 -0.472791088644068 -0.00347655062271186 -0.12609080020339 -0.110656054802153 -0.497187687966102 -0.144404671779661 -0.36380562779661 -0.519895046779661 -0.606103313898305 -0.0542709972186441 -0.472360616779661 -0.528889535084746 -0.255900962474576 -0.215894949525424 -0.420295651864407 -0.0368327907423729 -0.311386449661017 -0.265504551525424
"WALKING" 15 0.273899207962963 -0.518932634814815 0.951524391481481 -0.95805876537037 0.0897770721666667 -0.686268420555556 -0.0554883847662963 -0.48653265537037 -0.0776692754648148 -0.591668608148148 -0.186514650759259 -0.323878324074074 -0.543979500555556 -0.63778595537037 0.0805646237194445 -0.39082198537037 -0.723051140740741 -0.292088318740741 -0.535422096111111 -0.339593023611111 0.0782256056231481 -0.489166383703704 -0.481750218518519
"WALKING" 16 0.276023564509804 -0.159799790235294 0.925981326078431 -0.961387254313726 0.0770223771764706 -0.44025821745098 -0.0151721912792157 -0.365489530588235 -0.110917348282353 -0.571264779411765 -0.258766694117647 -0.47180926745098 -0.671541834117647 -0.722808438431373 -0.354370678627451 -0.44140618254902 -0.45663628254902 -0.330912145882353 -0.619731930392157 -0.0870475841176471 0.175600477686275 -0.669228540784314 -0.721137001568627
"WALKING" 17 0.272341855245902 -0.265824489180328 0.92811236852459 -0.956903248196721 0.0773188580032787 -0.534303311639344 -0.00922265519180328 -0.386044435409836 -0.109959237927869 -0.524422887377049 -0.151151487704918 -0.461837866885246 -0.517167440655738 -0.53970849147541 -0.0556137930852459 -0.423446094590164 -0.543872996229508 -0.43680842295082 -0.490166286557377 -0.0761681172065574 0.174349227754098 -0.518618058688525 -0.615320077704918
"WALKING" 18 0.273887758571429 -0.428348061071429 0.92386524875 -0.97248384875 0.0767524278392857 -0.633325860714286 -0.0399399716026786 -0.511417204821429 -0.0966435295642857 -0.663259579285714 -0.287908078035714 -0.460346465357143 -0.636485896964286 -0.726591779107143 -0.267273644642857 -0.414797154464286 -0.664327149285714 -0.34877438 -0.570898150714286 -0.281459547160179 0.131646853132143 -0.620331394285714 -0.668908146607143
"WALKING" 19 0.273931172307692 -0.13947794235 0.935222559230769 -0.929187930961539 0.0822246284461538 -0.179390497475 -0.0274970979894231 -0.104202986482692 -0.0832353261384615 -0.213494065344231 0.0648173438653846 -0.0993927171359615 -0.164699977592308 -0.271487480103846 0.112615077990385 0.0336380997853846 -0.227829841936346 -0.214787048403846 -0.0973549846596154 -0.0765832364115385 0.307394950576923 -0.0952460452365385 -0.141598402309615
"WALKING" 20 0.272589336470588 -0.228734217372549 0.899965205686274 -0.953850439607843 0.0841234323137255 -0.387664584313725 -0.0234104225980392 -0.165748467372549 -0.0679992365372549 -0.22704432732549 0.039402280578902 -0.156930391921569 -0.194893253196078 -0.149864146847059 0.438436341294118 -0.138717234372549 -0.427690451960784 -0.257051149084314 0.0310145965868627 0.00139730354666667 0.291882701372549 -0.0520065599062745 -0.196210236058824
"WALKING" 21 0.279183526730769 -0.16868872575 0.862524800961538 -0.974939388076923 0.0782251820211538 -0.425142604807692 -0.0459323393842308 -0.311875599423077 -0.0868767709153846 -0.494927657115385 -0.123455661519231 -0.299709752173077 -0.426930725 -0.450369988846154 -0.00256294245192308 -0.200442011365385 -0.443563412692308 -0.195103003780769 -0.371744086730769 -0.0170361394057692 0.232789920596154 -0.409516081153846 -0.512249343076923
"WALKING" 22 0.27886459 -0.213351968804348 0.936096410434783 -0.955147847391304 0.0627777634002174 -0.313155902608696 0.0007771571 -0.151439515130435 -0.132977562363043 -0.234278150891304 0.0722419121669565 -0.161591787478261 -0.461999528913043 -0.503106312391304 0.00386841059347826 -0.0367047077608696 -0.343195610652174 -0.102095050734783 -0.501176901956522 -0.11413463273913 0.368620829130435 -0.438378722826087 -0.464019127391304
"WALKING" 23 0.273211884237288 0.164220685383051 0.939809688644068 -0.932981341864407 0.0987319085964407 -0.0293115056033898 -0.0631156870355932 -0.209634887972881 -0.0578128239067797 -0.374456768135593 -0.0988770198220339 -0.209989354570847 0.0115305410508475 0.250173204117966 -0.202524061966102 -0.290410454881356 -0.00623647528983051 -0.269875748525424 0.195569461920339 0.166489215586441 0.281811709254237 0.185078207383051 -0.061476584759322
"WALKING" 24 0.276980816034483 -0.288840016206897 0.95970108137931 -0.962822966551724 0.0731938975362069 -0.491189466034483 -0.0545126870724138 -0.396154003275862 -0.0625311679982759 -0.557968202931034 -0.299983613965517 -0.48106401862069 -0.507824745862069 -0.556022765862069 -0.182766476862069 -0.509628168793103 -0.511115619482759 -0.253177488803448 -0.479841432931034 0.0479956663948276 0.153588267505862 -0.534509163793103 -0.668032801896552
"WALKING" 25 0.278992759054054 -0.437133403243243 0.937483114459459 -0.944995731216216 0.0721720712281081 -0.675601403648649 -0.0156305378067568 -0.562775245405405 -0.102377269321622 -0.659576163108108 -0.40528943 -0.565601466081081 -0.678466069054054 -0.757032544864865 -0.170313804039189 -0.625595376891892 -0.690413386081081 -0.223500510481081 -0.678750350135135 -0.327099559036351 0.0526493104482432 -0.562733252702703 -0.529262243378378
"WALKING" 26 0.279264443728814 -0.333486502542373 0.960647754576271 -0.966231561694915 0.0652303740728813 -0.397483516101695 -0.00334085938813559 -0.354549059491525 -0.099411456038983 -0.485543001525424 -0.223399171830508 -0.421848313898305 -0.51239882559322 -0.603468672372881 -0.185725832305085 -0.36422676440678 -0.396530418305085 -0.254935528889831 -0.56182776559322 0.132622788732203 0.174398099661017 -0.551927613050847 -0.60946621661017
"WALKING" 27 0.276849485438596 -0.297318273508772 0.944759287368421 -0.956593490526316 0.0684331971807018 -0.401188539824561 -0.08558835714 -0.250120409298246 -0.0786163508824035 -0.426346962631579 -0.238853875263158 -0.407355787017544 -0.562587199473684 -0.618718628596491 -0.267741550175439 -0.345482736842105 -0.417957993859649 -0.268722350470175 -0.534724231403509 0.00198569075263158 0.243535983807018 -0.519451704035088 -0.546888146491228
"WALKING" 28 0.281228223888889 -0.300928395925926 0.942930275555556 -0.944225031851852 0.0931122231851852 -0.537470471666667 -0.105896207861111 -0.242601384618519 -0.092974671262963 -0.440927899259259 -0.1806660203 -0.39269402 -0.546248758518519 -0.579861194259259 -0.168789019540741 -0.36260198037037 -0.574579748518519 -0.353217731666667 -0.50468173962963 -0.150925257205556 0.107450069401852 -0.514602424814815 -0.516811574074074
"WALKING" 29 0.271999916792453 -0.242828038264151 0.96237438509434 -0.945981437169811 0.0853743348528302 -0.461758009811321 -0.00795668167188679 -0.430232441132075 -0.10688830318283 -0.504130088679245 -0.0955213393716981 -0.262695063584906 -0.506242118113208 -0.612222937169811 -0.182068539584906 -0.210469887150943 -0.529034897169811 -0.201300454630189 -0.362232316226415 -0.362824434528302 0.0998266557713208 -0.416817853396226 -0.429156830566038
"WALKING" 30 0.276406758 -0.120476783907692 0.965217551076923 -0.943958420615385 0.0688689970184615 -0.521351855076923 -0.0459505355861538 -0.182569652430769 -0.0873839917276923 -0.476208796153846 -0.195140032969231 -0.359873411538462 -0.472068729846154 -0.546977272307692 -0.215634315369231 -0.389595631107692 -0.575410267076923 -0.268877781692308 -0.175900924040154 -0.380731546523077 0.0483161700923077 -0.358344356 -0.331541740923077
"WALKING_DOWNSTAIRS" 1 0.289188320408163 -0.230434213204082 0.931874418979592 -0.895939695102041 0.0541553164897959 -0.345735032326531 -0.0350781902989796 -0.124702454242857 -0.0739592036271429 -0.268761480242857 0.0271882914106122 0.0198843506265306 -0.295463843346939 -0.306510645530612 -0.112963739953061 -0.0276638676122449 -0.401721464285714 -0.253164344918367 -0.0557022524693878 0.0825511487183673 0.119187142767959 -0.185720285744898 -0.398350390122449
"WALKING_DOWNSTAIRS" 2 0.27761534806383 -0.10283790806383 0.861831345531915 -0.931438313191489 0.110040615569574 -0.340122023191489 -0.11594735287234 -0.279418388042553 -0.0581038498510638 -0.218266318606383 0.0899511204978723 0.215586334889362 -0.410872671489362 -0.343187875404255 0.171973972957447 0.138120681087234 -0.408227423191489 -0.143898149531915 -0.361913824 0.0770894557234043 0.0938321297617021 -0.320838543553191 -0.372576755361702
"WALKING_DOWNSTAIRS" 3 0.292423484693878 -0.362240245489796 0.939057787755102 -0.899943947755102 0.0725689294489796 -0.571735243061224 -0.13157327645102 -0.44230776755102 -0.0778701650285714 -0.374605412306122 -0.0628126118283674 -0.0411340078469388 -0.508567577142857 -0.583919211020408 -0.109722354322449 -0.0906707125102041 -0.613525074285714 -0.229599432510204 -0.542694164081633 -0.109972458132653 0.0439616686306122 -0.332376629371429 -0.322440827020408
"WALKING_DOWNSTAIRS" 4 0.279965329555556 -0.479185977111111 0.947731858666667 -0.937753794444444 0.0971862748866667 -0.626646986888889 -0.102838822533333 -0.498480800444444 -0.0921282734666667 -0.325780073711111 -0.0491616726733333 -0.0819559041111111 -0.592843014888889 -0.637079543555556 -0.32253131772 -0.16163290774 -0.668867334444444 -0.179115175957778 -0.717545840444444 -0.185485631124444 0.101078170917778 -0.429213369555556 -0.457674088
"WALKING_DOWNSTAIRS" 5 0.29354392712766 -0.325891435319149 0.956649352553192 -0.927192732978723 0.109650600459574 -0.52265163787234 -0.068294569906383 -0.227869042382979 -0.110149008255319 -0.0344217467042553 0.211138853638298 0.205422375957447 -0.39719562106383 -0.450303212340426 0.0268269875085106 -0.0368012151170213 -0.551178075319149 -0.350911621829787 -0.382483075106383 -0.00764242092148936 -0.0137055065085106 -0.349338414731915 -0.484141274255319
"WALKING_DOWNSTAIRS" 6 0.277045258145833 -0.320204232520417 0.928531455208333 -0.934378766458333 0.103681343708333 -0.336817322270833 -0.0960837437708333 -0.0940797929729167 -0.0256452232354167 0.193206498960417 0.333754731458333 0.373611914166667 -0.0829366854166667 -0.111228416159583 0.283247837625 0.136554991314583 -0.389057047125 -0.315757694854167 -0.130327465789583 0.15112587523125 0.106479482332292 -0.0143735434 -0.242353857320833
"WALKING_DOWNSTAIRS" 7 0.28030708 -0.0636402447755319 0.930623632765957 -0.92875646893617 0.0968926184638298 -0.347107758021277 -0.105409612961702 -0.401051415531915 -0.0597273512680851 -0.425200371553192 0.0198795285851064 0.214544028088723 -0.399229959148936 -0.29477867693617 -0.190187141297872 -0.0305226686191489 -0.397774503468085 -0.333627288978723 -0.21444307293617 0.20056627145234 0.00380298110638298 -0.255045057404255 -0.396909651702128
"WALKING_DOWNSTAIRS" 8 0.283484089210526 0.1337170395 0.914023498421053 -0.897190012631579 0.118938088342105 -0.0135136269 -0.121189625973684 -0.129565242710526 -0.0349283489710526 -0.1896044435 0.176599311818421 0.131337867236842 -0.126189142894737 -0.157484866842105 0.232184078052632 0.214841402815789 -0.0846674186842105 -0.170997897197368 0.116090879026316 0.0716794237631579 0.229144569581579 -0.00036272967368421 -0.255590314210526
"WALKING_DOWNSTAIRS" 9 0.295923445 -0.00771530035714285 0.938417773333333 -0.876641297380952 0.130193043809524 -0.359513362761905 -0.0916383011071429 -0.279685150191905 -0.094591202447619 -0.417239550952381 0.145886357935714 0.265120131365238 -0.469028434047619 -0.455855425238095 -0.273561385142857 -0.0645354342404762 -0.425377408333333 -0.43402213 -0.312512195452381 -0.00351697116904762 -0.0498273898880952 -0.347540226666667 -0.424170737142857
"WALKING_DOWNSTAIRS" 10 0.290401594315789 -0.183557562032895 0.939807421052632 -0.902085224736842 0.100959387447368 -0.318188417289474 -0.124839594289474 -0.0353021837 -0.0643764005526316 -0.227137389605263 0.250843769394737 0.156998205421053 -0.401854311315789 -0.494105756315789 -0.0633337717526316 0.181419131002632 -0.396147929736842 -0.236779781631579 -0.272495710342105 -0.00555958745263158 0.164428829157895 -0.312347510289474 -0.387780104447368
"WALKING_DOWNSTAIRS" 11 0.291605631956522 -0.324026938043478 0.941746406521739 -0.925814906086956 0.0897168657173913 -0.579710482173913 -0.12506869905 -0.318959594782609 -0.0220916265065217 -0.480559152608696 0.126227657258696 0.0507743652521739 -0.599294760652174 -0.677750588478261 0.0262777181065217 -0.120463004665217 -0.628902742826087 -0.338849974521739 -0.528254524130435 -0.255277887913043 0.0316725683978261 -0.456170108913043 -0.380559426947826
"WALKING_DOWNSTAIRS" 12 0.281521097391304 -0.425017413478261 0.949861980652174 -0.935399348043478 0.0621500251717391 -0.498655793478261 -0.112531564434783 -0.337806681456522 -0.0264668968652174 -0.365232197456522 0.0183139429630435 0.0972608274652174 -0.442831079130435 -0.452449935 0.016749510173913 -0.00701472271717392 -0.544461425869565 -0.212787743043478 -0.420631474130435 0.110212109891304 0.078615024478587 -0.344938419969565 -0.423553971956522
"WALKING_DOWNSTAIRS" 13 0.294907553404255 -0.158333146191489 0.941875619787234 -0.893962984042553 0.101704538333298 -0.31704660987234 -0.122672201757447 -0.322774082765957 -0.0647199842553191 -0.367089485595745 -0.0294634299553191 -0.0156098198829787 -0.323552439276596 -0.27649151037234 -0.0924444167085106 -0.11485155627234 -0.356579475531915 -0.346608657340426 -0.133828886725532 0.0665268394489362 0.0821411398170213 -0.206121707212766 -0.400560061212766
"WALKING_DOWNSTAIRS" 14 0.293422115555556 0.451576075111111 0.81629643 -0.879565316666667 0.0428631626711111 -0.133634060621778 -0.0147079653333333 0.356198597177778 -0.108620377713333 0.0913857550044444 0.185537706866667 0.428405922622222 -0.275120883488889 -0.274744003577778 0.29363389996 -0.0337820458644444 -0.244857128202222 -0.2710115324 0.0132082347333333 -0.207057454377778 0.000464165078 -0.0787568406777778 -0.223927430580444
"WALKING_DOWNSTAIRS" 15 0.280198851190476 -0.281982181666667 0.932302200476191 -0.93400831 0.0711457160166667 -0.404005582309524 -0.136618653071429 -0.250648085714286 -0.0482532079928571 -0.394542240714286 0.320449387166667 0.353204008095238 -0.509466648095238 -0.563640131190476 0.1199936036 0.0619687485333333 -0.461599141904762 -0.377130942619048 -0.402332301666667 -0.134716107404762 -0.0581788548595238 -0.373898631190476 -0.34938720602381
"WALKING_DOWNSTAIRS" 16 0.295586802191489 0.0114353944787234 0.917818427021277 -0.910588943191489 0.0907857064255319 -0.303381582831915 -0.0225373369978723 -0.444636334893617 -0.103904044543617 -0.540633469361702 0.191079793587447 0.119183740638298 -0.590896636382979 -0.595822214468085 -0.208680587882979 -0.155444882765957 -0.36402669587234 -0.368978400468085 -0.479512983617021 0.0791059230361702 0.0201391853085106 -0.488253939574468 -0.479939845914894
"WALKING_DOWNSTAIRS" 17 0.29391828326087 -0.231064156615217 0.928817578043478 -0.901097766521739 0.118250858006522 -0.536331570652174 0.0677728390673913 -0.468462984347826 -0.1077700285 -0.542770646521739 0.148951103536087 0.0914076757326087 -0.540325787826087 -0.592319490869565 -0.0860527358695652 -0.215092049054348 -0.573043711086957 -0.508557029565217 -0.451126869347826 -0.0744451681576087 -0.0553633752984783 -0.40943875826087 -0.428868687826087
"WALKING_DOWNSTAIRS" 18 0.288439468909091 -0.418610127454545 0.932277478363636 -0.921661749636364 0.0809044045254545 -0.651246664909091 -0.0576548655654545 -0.483658260727273 -0.0836566573181818 -0.605655411090909 -0.293531973636364 -0.229934247036364 -0.701663073636364 -0.744159518909091 -0.273798158 -0.412728286727273 -0.678751080363636 -0.334193776218182 -0.641527595090909 -0.235263359818182 -0.0768405979909091 -0.604735414363636 -0.533844932145455
"WALKING_DOWNSTAIRS" 19 0.262688053871795 0.049322451025641 0.881940855128205 -0.899363131794872 0.0730930306923077 -0.0200111148717949 -0.205775427307692 -0.0314083457948718 -0.0337429578461538 0.116646170221282 0.644604325128205 0.413472376589744 0.0875816618205128 -0.0438985022538462 0.427928785230769 0.474317256051282 -0.0983930104846154 -0.240575873128205 0.147083143564103 0.101341293433333 0.226461674461538 0.203979764835897 0.0320366671179487
"WALKING_DOWNSTAIRS" 20 0.296144421355556 -0.160938536488889 0.91972663 -0.919693532888889 0.0695031058 -0.381503405466667 -0.111367747557778 0.159723529622222 -0.0452503065777778 0.00307854550222222 0.221851587933333 0.172636361444444 -0.268183423577778 -0.275591880382222 0.560191344 -0.199360430553978 -0.405294896466667 -0.450948560266667 -0.138097945555556 -0.0945291604666667 -0.102474919222222 -0.100566103524444 -0.151681987177778
"WALKING_DOWNSTAIRS" 21 0.3014610196 -0.0717893558666667 0.872683205555556 -0.916324556888889 0.0901452883333333 -0.246061882112444 -0.126388023595556 -0.349759493777778 -0.0726461849022222 -0.428337693333333 0.245771699004444 0.264341903711111 -0.452828682444444 -0.509130858444444 0.277894323022222 -0.0377894711288889 -0.293237567085333 -0.288856976111111 -0.308879866288889 0.0476218594644444 0.0117020858033333 -0.406392284444444 -0.484489974222222
"WALKING_DOWNSTAIRS" 22 0.284458963861111 -0.325722718055556 0.921820641944444 -0.906594023333333 0.101584640833333 -0.477806646111111 -0.0779611213138889 -0.280417950555556 -0.0901744530194444 -0.358762129444444 0.330999221944444 0.133267478527222 -0.459579670833333 -0.617659355833333 0.167409716861111 0.0383364203555556 -0.535893778333333 -0.244503497722222 -0.525006840277778 -0.0324962109133333 0.130782546102778 -0.338417326388889 -0.341863671805556
"WALKING_DOWNSTAIRS" 23 0.289897411148148 0.229898742944444 0.923711401296296 -0.905888257592593 0.0578010605648148 0.0310157077775926 -0.0578230190203704 -0.208702488240741 -0.117725824412963 -0.36786963962963 0.127211137694444 0.230363964351852 -0.0463117766203704 0.0594908483888889 0.0432283686975926 0.201542909494444 -0.09851956305 -0.210126610722222 0.328817010088889 0.0881284260055556 0.167846645746296 0.150825734842593 -0.218930425944444
"WALKING_DOWNSTAIRS" 24 0.288631208909091 -0.205566380745455 0.950883416727273 -0.942207718727273 0.0802619828545455 -0.290239376563636 -0.0867069010690909 -0.491077244909091 -0.0914145014654545 -0.478690941272727 -0.0737699163072727 -0.0224839122854545 -0.497152238363636 -0.459159852363636 -0.169191147529091 -0.376175794909091 -0.328569968545455 -0.398144618 -0.433475431818182 0.0935884644618182 -0.0364416083527273 -0.374298686727273 -0.470147270181818
"WALKING_DOWNSTAIRS" 25 0.291329666206897 -0.457972381896552 0.929627532241379 -0.92619169637931 0.110656929396552 -0.711494695517241 0.00299112856551724 -0.443780454482759 -0.127952445399655 -0.599481997931035 -0.22010859462069 -0.259465249913793 -0.664713625172414 -0.67960595137931 -0.166842375587931 -0.525789450689655 -0.734990064137931 -0.419732508103448 -0.632916352241379 -0.474769376551724 -0.17216563837931 -0.485763582068966 -0.423707329706897
"WALKING_DOWNSTAIRS" 26 0.2792845828 -0.284807676 0.9467972718 -0.9330817682 0.111470787918 -0.3793359516 -0.010752208236 -0.3320502392 -0.0992465275036 -0.3589516378 0.114379383742 0.14700167906 -0.4187798104 -0.463140795 -0.078283777824 -0.201368098258 -0.3967016908 -0.5212878612 -0.44312621 0.042572962348 -0.152993475556 -0.3345099466 -0.39299065312
"WALKING_DOWNSTAIRS" 27 0.2975441875 -0.240040783340909 0.931380178636364 -0.920921521590909 0.0936273220295455 -0.409310918409091 -0.159826551905227 -0.257846157386364 -0.0515814754272727 -0.307268262272727 0.108071382861364 0.121176277863636 -0.440546586136364 -0.465807533547727 -0.17564706475 -0.0437826262613636 -0.474755492045455 -0.331351997727273 -0.402132810611364 0.2321868966475 0.0640204520170455 -0.359113724772727 -0.397984195568182
"WALKING_DOWNSTAIRS" 28 0.293642076521739 -0.341031811521739 0.929291680434783 -0.91705975 0.0972653457891304 -0.427053261304348 -0.141096309502174 -0.307025006304348 -0.0266492977565217 -0.336212734130435 0.104359216580435 0.135465563932609 -0.340417305565217 -0.407132335434783 0.065301199843913 -0.0268676982326087 -0.48848835173913 -0.276941823673913 -0.217100157608696 -0.0645307165065217 0.0406977206476087 -0.223354793921739 -0.362903836717391
"WALKING_DOWNSTAIRS" 29 0.293140441083333 -0.223177999879167 0.948486215 -0.869300904791667 0.0636871965479167 -0.478764185 -0.0374126070957292 -0.311122615416667 -0.0743986469979167 -0.379769406458333 0.103705165666667 0.1344811501875 -0.539174456458333 -0.59705704875 -0.239349053641667 -0.0382458213333333 -0.547320886875 -0.270161022958333 -0.463125032083333 -0.376915788125 0.0204223113808333 -0.381459881875 -0.323024575098542
"WALKING_DOWNSTAIRS" 30 0.283190646967742 -0.217275690290323 0.958000491451613 -0.87766706 0.0883933037048387 -0.467070153387097 -0.0745591301759677 -0.29537036283871 -0.0615954583870968 -0.498882854032258 -0.0373901122469355 -0.0135771208822581 -0.574337006451613 -0.617662073548387 -0.0934682613774194 -0.234923146633871 -0.535515048387097 -0.307116650137097 -0.348065119677419 -0.286467078274194 -0.072482764933871 -0.356772347348871 -0.252361882572581
"WALKING_UPSTAIRS" 1 0.255461689622641 -0.0194792388471698 0.89335109754717 -0.912379410377358 0.101372729922642 -0.706593530943396 0.050549379754717 -0.50716867490566 -0.122232768011321 -0.606332002264151 -0.129927630735849 -0.324970929245283 -0.59488286509434 -0.648553044339623 0.0217695106566038 -0.479875245660377 -0.726040200754717 -0.377023128301887 -0.319474609056604 -0.473574786603774 -0.0977433496415094 -0.325961457396226 -0.182985518264151
"WALKING_UPSTAIRS" 2 0.247164790395833 -0.112121021220833 0.790717418541667 -0.878004056875 0.0744507839572917 -0.5737463525 -0.0576912634583333 -0.163995791679167 -0.0828858001333333 -0.467595961041667 -0.107322679520833 -0.205977045295833 -0.572816438541667 -0.597291719166667 0.0848802791083333 -0.258639439729167 -0.625090981458333 -0.0491142923541667 -0.488086123958333 -0.130357850675 0.107680395229167 -0.450612184791667 -0.438620401875
"WALKING_UPSTAIRS" 3 0.260819873067797 -0.369754604067797 0.883533436101695 -0.909469675084746 0.0426880986186441 -0.708551711864407 0.0721980309322034 -0.492327305084746 -0.115510569491525 -0.573433947627119 -0.184014895 -0.333597432542373 -0.658861401355932 -0.718028040338983 -0.00803987529661017 -0.478434306271186 -0.738705863898305 -0.325151127440678 -0.637293508305085 -0.339321487559322 0.0238218745338983 -0.514211583728814 -0.445181802430508
"WALKING_UPSTAIRS" 4 0.270876696730769 -0.372137777692308 0.946264314423077 -0.919619453269231 0.0560971909634615 -0.726495311923077 0.0393825198942308 -0.360811047884615 -0.1314720713 -0.556236584807692 -0.153703935357692 -0.212012300480769 -0.686978374423077 -0.755270457692308 -0.101434446040385 -0.418304647307692 -0.762772175 -0.379653611346154 -0.684310201538462 -0.491527600961538 -0.108017171661154 -0.575794072115385 -0.552489628846154
"WALKING_UPSTAIRS" 5 0.268459469914894 -0.308938978787234 0.936821834893617 -0.92141958 0.0795443483829787 -0.63836903212766 0.0395191121489362 -0.26545133312766 -0.143029686361702 -0.282154378489362 0.0435562021989362 -0.136736383765957 -0.47348816787234 -0.557988065531915 0.165037631180851 -0.289725470425532 -0.668825711276596 -0.397835581489362 -0.516609046808511 -0.138063832148936 -0.020494853812766 -0.392564530851064 -0.440445051914894
"WALKING_UPSTAIRS" 6 0.268229355098039 -0.353519514896078 0.913632241568627 -0.906196352156863 0.07210675 -0.560830688235294 -0.0767406825588235 -0.18390018167451 -0.0652024492378431 -0.170814790834118 0.0177790974433333 -0.0791508842176471 -0.342895367921569 -0.440079851313726 0.159123777172549 -0.244812769960784 -0.571673957058824 -0.441959115607843 -0.329653779629412 -0.129471190964706 -0.0140154345627451 -0.230627015078431 -0.318173892545098
"WALKING_UPSTAIRS" 7 0.248706923078431 -0.145665025639216 0.81874656 -0.881675909607843 0.0724649938509804 -0.60780843627451 -0.138778108029412 -0.348980051411765 -0.0856640866647059 -0.682184175686275 -0.198074437978431 -0.33474460745098 -0.661969771960784 -0.67642807254902 -0.341025552941176 -0.454647881960784 -0.631919608823529 -0.391182549629412 -0.567920266470588 -0.0541175360431373 -0.0892278153411765 -0.533982945882353 -0.444994481882353
"WALKING_UPSTAIRS" 8 0.258880152048781 0.121187278790244 0.860368718780488 -0.876168930487805 0.0813816809395122 -0.447518179097561 0.19270447595122 0.337526477436585 -0.15544567414878 -0.430366658780488 0.121026629195122 -0.227200254219512 -0.400664014146341 -0.493975031707317 0.30540146 -0.200277249165854 -0.508248316829268 -0.115989564712683 -0.113162144460976 -0.184403755490244 0.207071289558293 -0.229610952609756 -0.183325647134146
"WALKING_UPSTAIRS" 9 0.262436475714286 -0.253434083542857 0.902647777755102 -0.89407107877551 0.0692266245755102 -0.647296002040816 -0.16396719 -0.138176481058776 -0.0684689593355102 -0.65711420122449 -0.260727581428571 -0.400222037142857 -0.672840561836735 -0.748651255510204 -0.297641062755102 -0.402044750408163 -0.677831082857143 -0.427211088244898 -0.499159202857143 -0.414946340204082 -0.00195427494897959 -0.531482693877551 -0.456841325204082
"WALKING_UPSTAIRS" 10 0.267121853404255 -0.0738744931340426 0.931861027446809 -0.864745838297872 0.0648829303510638 -0.607520480212766 0.0733447168425532 -0.320509332297872 -0.157212539189362 -0.482244799361702 -0.0266623294757447 -0.211537480214383 -0.523462968510638 -0.618272355319149 -0.051628469647234 -0.20121432216383 -0.662894135319149 -0.230337514021277 -0.235858986212766 -0.421428722680851 0.0879049622851064 -0.265371689148936 -0.166969377765957
"WALKING_UPSTAIRS" 11 0.263775859277778 -0.203369399185185 0.892626155555556 -0.906933171111111 0.0968561683092593 -0.785359167222222 -0.0820909701727778 -0.694658851666667 -0.0645245413759259 -0.777173388518518 -0.132594623759259 -0.289592148148148 -0.757314813888889 -0.80112703962963 -0.0885048145574074 -0.495927371666667 -0.803845087037037 -0.446992354759259 -0.581167154444444 -0.63553191687037 -0.137089383 -0.55009966 -0.381223382777778
"WALKING_UPSTAIRS" 12 0.272970338653846 -0.436697425576923 0.938371473269231 -0.938071183269231 0.0728660813846154 -0.719336352692308 -0.0931234101769231 -0.349614606153846 -0.0455638872076923 -0.606412096538462 -0.229183927115385 -0.285844036153846 -0.674972132307692 -0.713406712307692 -0.130175559028846 -0.385843754230769 -0.750114855961538 -0.331247540442308 -0.604711316153846 -0.351127976519231 -0.00111843704807692 -0.594032515192308 -0.564435086711538
"WALKING_UPSTAIRS" 13 0.258203939581818 -0.217210568085455 0.847634313454545 -0.910271096181818 0.0692442067545455 -0.660921263636364 -0.13829376226 -0.211805111745455 -0.0664817176345455 -0.550880346909091 -0.10115350174 -0.326339622181818 -0.631964902181818 -0.669216383090909 0.114656709636364 -0.506212135636364 -0.689235778909091 -0.323344232581818 -0.492176104727273 -0.293383223927273 -0.15090472406 -0.485477308909091 -0.470770800363636
"WALKING_UPSTAIRS" 14 0.26242106612963 0.609017879074074 0.688256122222222 -0.875450819074074 0.0803303022222222 -0.327868814314815 0.0813841685037037 0.564875818162963 -0.128266667862963 -0.359816626703704 0.140108204051852 -0.0197686685018519 -0.399921949557407 -0.485819293703704 0.356072772037037 -0.383497147037037 -0.391077873148148 -0.263935056981481 0.118687692187963 -0.521877343333333 -0.168723817533333 0.0488588668185185 0.236659662496296
"WALKING_UPSTAIRS" 15 0.270187595833333 -0.379717488104167 0.918544812291667 -0.92161847875 0.07297243298125 -0.748809454166667 0.0903340029875 -0.477365945208333 -0.144485986527083 -0.657907649166667 -0.000971394711666667 -0.136552217494583 -0.663637117708333 -0.748954848541667 -0.0191328333041667 -0.2370530733125 -0.783004506458333 -0.439499582708333 -0.517025245833333 -0.4652097360625 -0.0383017813479167 -0.45369356625 -0.308585869854167
"WALKING_UPSTAIRS" 16 0.255986102627451 -0.129283825721569 0.826874282745098 -0.907649558823529 0.0762526677 -0.593411129607843 0.0718408878078431 -0.365025170078431 -0.140908293613922 -0.717101021960784 -0.233990331568627 -0.334795080196078 -0.737705162156863 -0.797293228431373 -0.166324239117647 -0.546088862941176 -0.620123586470588 -0.332237727509804 -0.642018064117647 -0.311988459980392 -0.0937396805764706 -0.630546675490196 -0.532486721568627
"WALKING_UPSTAIRS" 17 0.252604768583333 -0.230220954239583 0.853530565833333 -0.930159843541667 0.07680441704375 -0.657430836041667 -0.0304250571395833 -0.234402350714583 -0.142655397660417 -0.610586202291667 -0.0128062276916667 -0.1028777303875 -0.637367490625 -0.68231162875 -0.0252781736083333 -0.360272225833333 -0.680325770833333 -0.576044001875 -0.521435415208333 -0.210551597316667 -0.184408514979167 -0.504066956875 -0.496444579791667
"WALKING_UPSTAIRS" 18 0.265401201896552 -0.31437339137931 0.883330258448276 -0.907839723965517 0.0812402028517241 -0.760829911206897 -0.0470683915017241 -0.433922212068966 -0.0899953036658621 -0.718951757931034 -0.279146312758621 -0.37184157 -0.781652689310345 -0.835525127931035 -0.190550638155172 -0.589410590172414 -0.784728430344828 -0.442089377068966 -0.649817266551724 -0.502729412913793 -0.218615528237931 -0.654029089310345 -0.533044636034483
"WALKING_UPSTAIRS" 19 0.242118808925 -0.1904685504575 0.8294283725 -0.83693567475 0.08315450836225 -0.4442822275 0.0388537087875 -0.110117174875 -0.1018063044 -0.3754149830025 0.01738119347275 -0.177666828025 -0.372790526575 -0.50740029025 0.13255758081125 -0.2053226461925 -0.50771620575 -0.273942744225 -0.2254218170275 -0.191499705925 0.1670048042575 -0.28884026785 -0.3771327525
"WALKING_UPSTAIRS" 20 0.252098317156863 -0.229249455098039 0.777095717058824 -0.904064093529412 0.0836451256901961 -0.513641207058824 0.0659193258862745 0.184119332796078 -0.148389168870392 -0.253867089670588 0.00872502461176471 -0.198269718823529 -0.37192841627451 -0.455396068627451 0.16454675022549 -0.256162264623529 -0.533201712745098 -0.475001504117647 -0.162341385629412 -0.260134951568627 0.0274686447058824 -0.286627716823529 -0.360948341823529
"WALKING_UPSTAIRS" 21 0.265194544680851 -0.219707928574468 0.781177210851064 -0.932716253829787 0.104034223065957 -0.562052350212766 0.062608688893617 0.0517155421740426 -0.144351492595745 -0.564149244893617 -0.0810453188106383 -0.278474283829787 -0.577935642978723 -0.647723419148936 0.0823434279595745 -0.436839580425532 -0.603127367234043 -0.267817083638298 -0.446691581702128 -0.101887933444681 0.029334838793617 -0.475369886808511 -0.483407096425532
"WALKING_UPSTAIRS" 22 0.248391534566667 -0.109613216345238 0.889454382857143 -0.913153632142857 0.0877172239047619 -0.471703304761905 0.13497880785381 -0.157758060642857 -0.148450080695476 -0.515697758571429 0.210282608333333 -0.158757474833333 -0.568111869047619 -0.675633024285714 0.230058772192857 -0.0382449785166667 -0.528567802619048 0.0466071941261905 -0.523943751666667 -0.170789279261905 0.29374477 -0.369902 -0.234023031571429
"WALKING_UPSTAIRS" 23 0.249995171031373 0.10080118935098 0.843438810196078 -0.902065910392157 0.0723649984647059 -0.408094020392157 0.0957940245941176 -0.0317301153392157 -0.109913094117647 -0.543765425882353 -0.0117536873784314 -0.271893714117647 -0.504367150588235 -0.551275188627451 0.0380597405498039 -0.365642513176471 -0.46895638372549 -0.278707884980392 -0.290447408901961 -0.136461407760784 -0.0111619282254902 -0.380388292223529 -0.470491576431373
"WALKING_UPSTAIRS" 24 0.269881106779661 -0.255601012881356 0.906369500508475 -0.934952938983051 0.0862310100338983 -0.523807264237288 0.0883163772152542 -0.27459628379661 -0.146800845605424 -0.648975330847458 -0.226402822033898 -0.30685447 -0.658751629152542 -0.638180352881356 -0.107787679328814 -0.515644617288136 -0.562727123050847 -0.392831269898305 -0.546620981186441 -0.067744122479661 -0.113727064838983 -0.564664994745763 -0.54907099
"WALKING_UPSTAIRS" 25 0.277995411384615 -0.296523975076923 0.927693239538462 -0.882722399076923 0.0740041435707692 -0.812458372307692 0.0556121923307692 -0.564195608923077 -0.126481161061538 -0.746268282923077 -0.305772199076923 -0.480006649846154 -0.777106026615385 -0.824883302769231 -0.199988428584615 -0.668208156461538 -0.830526636615385 -0.410294109653846 -0.618579913384615 -0.549103238769231 -0.273261579076923 -0.567153469846154 -0.386612992876923
"WALKING_UPSTAIRS" 26 0.272691394545455 -0.404596936545455 0.942095257090909 -0.929636797636364 0.0755645318545455 -0.677995585454545 -0.0247950825654545 -0.3090880546 -0.0975590199454545 -0.556390218 -0.142874499381818 -0.1507071068 -0.648099850181818 -0.661829656545455 -0.0439473073581818 -0.304540556345455 -0.715726893818182 -0.222513914852727 -0.617112539636364 -0.0956417028527273 -0.0172240385858182 -0.556084778181818 -0.569632
"WALKING_UPSTAIRS" 27 0.265770253921569 -0.23070787672549 0.868000278627451 -0.926675381176471 0.0734763532039216 -0.633722935098039 -0.0940344886803922 -0.169960785215686 -0.0937518711117647 -0.676876469411765 -0.160589355980392 -0.37994878627451 -0.699895090784314 -0.724671165490196 -0.0794059822941176 -0.50311385627451 -0.657139420784314 -0.361648357411765 -0.594092579607843 -0.125411020767647 -0.0126842499664706 -0.607667730196078 -0.523335975411765
"WALKING_UPSTAIRS" 28 0.262005841764706 -0.28598691372549 0.854508231764706 -0.900514013333333 0.0706831871117647 -0.637488941176471 -0.129362970764706 -0.189306812833333 -0.080568055454902 -0.603568264117647 -0.186240503960784 -0.211928666470588 -0.620279797647059 -0.670132120784314 -0.178554981115686 -0.318866730039216 -0.68790763372549 -0.232074537770588 -0.522066500784314 -0.251074231431373 0.0202047636666667 -0.534835409607843 -0.528187016862745
"WALKING_UPSTAIRS" 29 0.265423066877551 0.0995443502346939 0.929258953877551 -0.858849467142857 0.106345193353878 -0.678763766530612 0.0931989463020408 -0.37481514122449 -0.130429072653061 -0.558417024081633 0.00834360271428571 -0.0414696051693878 -0.617340803061225 -0.712846318367347 -0.141258066657755 -0.225067771046939 -0.710116591836735 -0.379789331795918 -0.39404534122449 -0.666814815306122 -0.145077640897959 -0.357213897032653 -0.074331469755102
"WALKING_UPSTAIRS" 30 0.271415642261538 0.0249468034966154 0.93182983 -0.862402791230769 0.0579840372876923 -0.761942025384615 -0.00355974576923077 -0.211573579892308 -0.108414261326154 -0.665150619230769 -0.137627857227385 -0.327410815861538 -0.718780256769231 -0.774439096769231 -0.104299180318462 -0.55067842 -0.78475388 -0.4436963292 -0.366058433230769 -0.642703957846154 -0.312338030213846 -0.449150735076923 -0.151472278383077
